Base Items Changes:

Longsword slashing/piercing
1   166      longsword            1            4             0x1C030        1             2         WSwLs       0              1           1           1           it_bag        iwswls          0         ****        4          3          ****         1.5            10       255      1       8         2          2           1        15       1        2              1687        9            8        0        0          1          ****     ****     ****     ****     ****     4          0      0             5417            0               1              40       1             ****           ****        ****               50          50          50          70             1

Bastardsword slashing/piercing
3   168      bastardsword         2            4             0x1C030        1             2         WSwBs       0              1           1           1           it_bag        iwswbs          0         ****        4          3          ****         1.6            10       255      1       10        2          2           1        35       1        2              2288        9            8        0        0          1          ****     ****     ****     ****     ****     4          0      0             5434            0               1              100      11            ****           ****        ****               65          65          35          71             1

Lightflail (19-20/x2)
4   176      lightflail           1            3             0x1C030        1             2         WBlFl       0              1           1           1           it_bag        iwblfl          0         ****        2          3          ****         1.4            10       255      1       8         2          2           1        8        1        2              1686        11           8        0        0          1          ****     ****     ****     ****     ****     4          0      0             5416            0               1              50       3             ****           ****        ****               100         100         0           42             1

Lightmace (20/x3)
9   177      lightmace            1            2             0x1C030        1             2         WBlMl       0              0           0           1           it_bag        iwblml          0         ****        2          2          ****         1.2            10       255      1       6         1          3           1        5        1        2              1668        13           8        0        0          1          ****     ****     ****     ****     ****     4          0      0             5399            0               1              60       2             ****           ****        ****               100         100         0           44             1

Halberd (19-20/x3)
10  175      halberd              2            5             0x1C030        1             2         WPlHb       0              0           0           1           it_bag        iwplhb          0         4           4          3          ****         1.7            10       255      1       10        2          3           1        10       1        2              1694        15           8        0        0          1          ****     ****     ****     ****     ****     4          0      0             5428            0               1              150      17            ****           ****        ****               35          35          65          99             1

Twobladedsword slashing/piercing
12  172      twobladedsword       2            5             0x1C010        1             2         WDbSw       0              1           1           1           it_bag        iwdbsw          0         8           4          3          ****         1.5            10       255      1       8         2          2           1        100      1        2              1702        10           8        0        0          1          ****     ****     ****     ****     ****     4          0      0             5431            0               1              300      11            ****           ****        ****               50          50          50          99             1

Greataxe 3d4
18  515      greataxe             2            4             0x1C030        1             2         WAxGr       0              1           1           1           it_bag        iwaxgr          0         ****        3          3          ****         1.4            10       255      3       4         1          3           1        20       1        2              1692        9            8        0        0          1          ****     ****     ****     ****     ****     4          0      0             5426            0               1              200      17            ****           ****        ****               100         100         0           73             1

Katana slashing/piercing
41  1535     katana               2            3             0x1C030        1             2         WSwKa       0              1           1           1           it_bag        iwswka          0         ****        4          3          ****         1.3            10       255      1       10        2          2           1        40       1        2              1704        8            8        0        0          1          ****     ****     ****     ****     ****     4          0      0             5423            0               1              100      1             ****           ****        ****               50          50          50          75             1

Kukri (17-20/x2)
42  1536     kukri                1            2             0x1C030        1             2         WSpKu       0              1           1           1           it_bag        iwspku          0         ****        3          1          ****         1.2            10       255      1       4         4          2           1        8        1        2              2284        8            8        0        0          1          ****     ****     ****     ****     ****     4          0      0             5442            0               1              30       18            ****           ****        ****               65          65          35          18             1
313 16807257 kukri2               1            2             0x1C030        1             2         WSpKk       0              1           1           1           it_bag        ****            0         ****        3          1          ****         1.2            10       255      1       4         4          2           1        8        1        2              2284        8            8        0        0          1          44       ****     ****     ****     ****     4          0      0             5442            0               1              30       18            ****           ****        ****               65          65          35          18             1

Magic rod/staff/wand need to equip to use
44  1538     magicrod             1            3             0x00000        1             2         WMgRd       0              1           1           1           it_bag        iwmgrd          0         ****        ****       ****       ****         ****           10       255      ****    ****      ****       ****        8        1        1        1              1708        16           8        0        4          3          ****     ****     ****     ****     ****     ****       0      0             66197           50              1              20       ****          ****           1           ****               ****        ****        ****        10             1
45  1539     magicstaff           1            5             0x1C010        1             2         WMgSt       0              1           1           1           it_bag        iwmgst          0         4           2          3          ****         1.6            10       255      1       6         1          2           8        1        1        1              1709        15           8        3        3          3          ****     ****     ****     ****     ****     4          0      0             76436           50              1              40       4             ****           ****        ****               50          50          50          10             1
46  1540     magicwand            1            2             0x00000        1             2         WMgWn       0              1           1           1           it_bag        iwmgwn          0         4           ****       ****       ****         ****           10       255      ****    ****      ****       ****        8        1        1        1              1707        16           1        1        10         3          ****     ****     ****     ****     ****     ****       0      0             66196           50              1              10       ****          ****           1           ****               ****        ****        ****        10             1

Morningstar (19-20/x2)
47  1541     morningstar          1            3             0x1C030        1             2         WBlMs       0              1           1           1           it_bag        iwblms          0         ****        5          3          ****         1.4            10       255      1       8         2          2           1        8        1        2              1671        11           8        0        0          1          ****     ****     ****     ****     ****     4          0      0             5412            0               1              80       3             ****           ****        ****               100         100         0           20             1

Shortspear one-handed weapon, medium, animations mostly stab
58  1552     shortspear           1            4             0x1C030        1             2         WPlSs       0              1           1           1           it_bag        iwplss          0         ****        1          3          ****         1.4            10       255      1       8         1          3           1        1        1        2              1672        15           8        0        0          1          ****     ****     ****     ****     ****     4          0      0             5401            0               1              30       17            ****           ****        ****               10          10          90          76             1

Shuriken (19-20/x3)
59  1553     shuriken             1            1             0x00010        0             0         WThSh       0              1           ****        ****        it_bag        iwthsh          0         11          1          1          59           30             0        255      1       3         2          3           7        1        50       0.01           1705        7            8        0        2          1          ****     ****     ****     ****     ****     ****       0      0             5398            0               1              0        7             5              ****        ****               ****        ****        ****        0              50

Throwingaxe (20/x3), half as heavy as they were
63  1557     throwingaxe          1            2             0x00010        1             2         WThAx       0              1           1           1           it_bag        iwthax          0         11          3          2          63           30             10       255      1       6         1          3           7        1        50       0.01           1680        8            8        0        2          1          ****     ****     ****     ****     ****     ****       0      0             5407            0               1              5        8             6              ****        ****               ****        ****        ****        24             50

Trident one-handed weapon, 3d3, animations 100% stab
95  67251    trident              1            4             0x1C030        1             2         WPlTr       0              1           1           1           it_bag        iwpltr          0         ****        1          3          ****         1.4            10       255      3       3         1          3           1        1        1        2              0           15           8        0        0          1          ****     ****     ****     ****     ****     4          0      0             5401            0               1              50       17            ****           ****        ****               0           0           100         76             1
300 16807218 trident_1h           1            4             0x1C030        1             2         WPlTr       0              1           1           1           it_bag        iwpltr          0         ****        1          3          ****         1.4            10       100      3       1         2          1           15       1        2        2              16807219    15           8        0        0          1          45       ****     ****     ****     ****     4          0      0             16807220        0               1              50       17            ****           ****        ****               0           0           100         76             1

Whip (17-20/x2)
111 83617    Whip                 2            2             0x1C030        0             2         WWhip       0              1           1           1           it_bag        iwwhip          0         ****        3          2          ****         1.7            10       255      1       2         4          2           1        1        1        2              85392       32           8        0        0          1          ****     ****     ****     ****     ****     4          0      0             85391           0               1              20       19            ****           ****        ****               100         100         0           74             1

Heavy Pick 2d4 (20/x4)
301 16807221 heavypick            2            4             0x1C010        1             2         WBlPh       0              1           1           1           it_bag        ****            0         ****        1          3          ****         1.4            10       255      2       4         1          4           1        8        1        2              16807222    9            8        0        0          1          45       ****     ****     ****     ****     4          0      0             16807223        0               1              60       17            ****           ****        ****               100         100         0           73             1

Light Pick 2d3 (20/x4)
302 16807224 lightpick            1            2             0x1C030        1             2         WBlPl       0              1           1           1           it_bag        ****            0         ****        1          2          ****         1.1            10       255      2       3         1          4           1        4        1        2              16807225    13           8        0        0          1          45       ****     ****     ****     ****     4          0      0             16807226        0               1              40       2             ****           ****        ****               100         100         0           27             1

Sai 1d3 (18-20/x3)
303 16807227 sai                  1            1             0x1C030        0             2         WSwSi       0              1           1           1           it_bag        ****            0         ****        2          1          ****         1.1            10       255      1       3         3          3           1        3        1        2              16807228    7            8        0        0          1          44       49       ****     ****     ****     4          0      0             16807229        0               1              10       18            ****           ****        ****               100         100         0           9              1

Nunchaku 2d3
304 16807230 nunchaku             1            3             0x1C030        1             2         WBlNn       0              1           1           1           it_bag        ****            0         ****        2          2          ****         1.4            10       255      2       3         1          2           1        2        1        2              16807231    12           8        0        0          1          44       49       ****     ****     ****     4          0      0             16807232        0               1              20       3             ****           ****        ****               100         100         0           74             1

AssassinDagger (18-20/x2)
309 16807245 daggerassn           1            1             0x1C030        0             2         WSwDa       0              1           1           1           it_bag        ****            0         ****        1          1          ****         1.1            10       255      1       4         3          2           1        2        1        2              16807246    7            8        0        0          1          46       48       49       50       51       4          0      0             5395            0               1              10       18            ****           ****        ****               80          80          20          9              1

Katar (19-20/x3)
310 16807248 katar                1            1             0x1C030        1             2         WSwDp       0              1           1           1           it_bag        ****            0         ****        1          1          ****         1.1            10       255      1       4         2          3           1        2        1        2              16807249    7            8        0        0          1          46       48       49       50       51       4          0      0             16807250        0               1              20       11            ****           ****        ****               50          50          50          77             1

Maul 1d12
318 16807272 maul                 2            4             0x1C010        1             2         WxBlMa      0              1           1           1           it_bag        ****            0         4           2          4          ****         1.2            10       255      1       12        1          3           1        8        1        1.88           16807273    14           8        0        0          1          45       ****     ****     ****     ****     4          0      0             16807274        0               1              200      12            ****           ****        ****               100         100         0           99             1

WindFireWheel 2d3
323 16807287 windfirewheel        2            2             0x1C030        0             2         WSpWf       0              1           1           1           it_bag        ****            0         ****        3          2          ****         1.1            10       255      2       3         2          2           1        2        1        2              16807288    7            8        0        0          1          44       49       ****     ****     ****     4          0      0             16807289        0               1              10       18            ****           ****        ****               100         100         0           9              1

MaugrimDoubleSword 2d4
324 16807942 maugdoublesword      1            4             0x1C030        1             2         WMaDs       0              1           1           1           it_bag        ****            0         ****        4          3          ****         1.5            10       255      2       4         2          2           1        15       1        2              16807944    9            8        0        0          1          45       ****     ****     ****     ****     4          0      0             16807945        0               1              40       1             ****           ****        ****               50          50          50          70             1

Makeshift Weapons (JFK_Makeshift02.rar)
230 1528     makeshiftbl          2            4             0x1C010        1             2         WMkBl       0              ****        ****        ****        it_bag        ****            0         ****        2          4          ****         1.4            10       100      1       6         1          2           1        1        1        1              198         9            8        0        0          4          ****     ****     ****     ****     ****     4          0      0             198             0               0              30       17            ****           ****        ****               100         100         0           73             1
231 1523     makeshiftbm          2            4             0x1C010        1             2         WMkBm       0              ****        ****        ****        it_bag        ****            0         ****        2          4          ****         1.4            10       100      1       4         1          2           1        1        1        1              198         9            8        0        0          4          ****     ****     ****     ****     ****     4          0      0             198             0               0              30       17            ****           ****        ****               100         100         0           73             1
232 192      makeshiftbs          1            2             0x1C030        1             2         WMkBs       0              ****        ****        ****        it_bag        ****            0         ****        2          2          ****         1.1            10       100      1       2         1          2           1        1        1        1              198         24           8        0        0          4          ****     ****     ****     ****     ****     4          0      0             198             0               0              20       13            ****           ****        ****               100         100         0           26             1
233 191      makeshiftss          1            1             0x1C030        1             2         WMkSs       0              ****        ****        ****        it_bag        ****            0         ****        3          2          ****         1.1            10       100      1       4         1          2           1        1        1        1              198         7            8        0        0          4          ****     ****     ****     ****     ****     4          0      0             198             0               0              10       18            ****           ****        ****               65          65          35          9              1
234 1532     makeshiftcs          1            2             0x1C030        1             2         WMkCs       0              ****        ****        ****        it_bag        ****            0         ****        3          2          ****         1.1            10       100      1       4         1          2           1        1        1        1              198         8            8        0        0          4          ****     ****     ****     ****     ****     4          0      0             198             0               0              20       17            ****           ****        ****               100         100         0           14             1

Merge from CEP
349 16808047 CEP_cloak            2            3             0x00040        0             0         it_cloak    0              1           ****        ****        it_bag        iit_cloak       0         ****        0          ****       ****         ****           0        255      ****    ****      ****       ****        4        1        1        1              5023        3            8        0        16         0          ****     ****     ****     ****     ****     4          0      0             5475            0               0              30       ****          ****           ****        ****               ****        ****        ****        15             1

Merge from CEP (conflict with PrC)
215 16829096 craft_magicrod       1            3             0x00000        1             2         WMgRd       0              1           1           1           it_bag        iwmgrd          0         ****        ****       ****       ****         ****           10       255      ****    ****      ****       ****        8        1        1        1              1708        16           8        0        4          3          ****     ****     ****     ****     ****     ****       0      0             66197           50              1              20       ****          ****           1           ****               ****        ****        ****        10             1
216 16829097 craft_magicstaff     1            5             0x1C010        1             2         WMgSt       0              1           1           1           it_bag        iwmgst          0         4           2          3          ****         1.6            10       255      1       6         1          2           8        1        1        1              1709        15           8        0        3          3          ****     ****     ****     ****     ****     4          0      0             76436           50              1              40       4             ****           ****        ****               50          50          50          10             1
217 16827706 elf_lightblade       1            2             0x1C030        1             2         WSwSs       0              1           1           1           it_bag        iwswss          0         ****        1          2          ****         1.2            10       255      1       6         3          2           1        25       1        2              16827712    8            8        0        0          1          ****     ****     ****     ****     ****     4          0      0             16827709        0               1              10       1             ****           ****        ****               35          35          65          19             1
218 16827707 elf_thinblade        1            4             0x1C030        1             2         WSwLs       0              1           1           1           it_bag        iwswls          0         ****        1          3          ****         1.5            10       255      1       8         3          2           1        50       1        2              16827713    9            8        0        0          1          ****     ****     ****     ****     ****     4          0      0             16827710        0               1              30       1             ****           ****        ****               35          35          65          70             1
219 16827708 elf_courtblade       2            5             0x1C030        1             2         WSwGs       0              1           1           1           it_bag        iwswgs          0         ****        4          3          ****         1.8            10       255      1       10        3          2           1        75       1        2              16827714    9            8        0        0          1          ****     ****     ****     ****     ****     4          0      0             16827711        0               1              60       11            ****           ****        ****               50          50          50          99             1
